epoch,time
0,26.499853372573853
1,12.558345079421997
2,12.82477617263794
3,12.47814416885376
4,12.19261360168457
5,12.387748956680298
6,12.290372371673584
7,12.488780736923218
8,12.525287389755249
9,12.487614631652832
10,12.465009927749634
11,12.61609673500061
12,12.482048511505127
13,12.576030731201172
14,12.698281526565552
15,12.77973222732544
16,12.596843242645264
17,12.711943864822388
18,12.70024585723877
19,12.442286014556885
20,12.506146907806396
21,12.918849468231201
22,12.72073221206665
23,12.771053075790405
24,13.659189462661743
25,12.456138610839844
26,12.51023244857788
27,12.867749452590942
28,12.5552659034729
29,12.704663038253784
30,12.587526082992554
31,12.951157093048096
32,12.853840589523315
33,12.787652730941772
34,12.892578125
35,12.929162740707397
36,12.576400995254517
37,13.068208456039429
38,12.835495471954346
39,12.760450839996338
40,12.929094076156616
41,12.459819555282593
42,12.728602170944214
43,12.893046855926514
44,12.75776195526123
45,12.609220266342163
46,12.768944263458252
47,12.73669147491455
48,12.761423826217651
49,12.773772716522217
50,12.862200260162354
51,12.865215063095093
52,12.8228120803833
53,12.910227537155151
54,12.815643310546875
55,12.922099590301514
56,13.753734588623047
57,12.656776189804077
58,12.806628227233887
59,13.297345638275146
60,12.753024816513062
61,13.00363302230835
62,13.13270354270935
63,13.044257402420044
64,13.481881856918335
65,13.510764598846436
66,13.49983811378479
67,13.537580966949463
68,14.223487615585327
69,13.409425973892212
70,13.41247272491455
71,13.74946665763855
72,13.874814748764038
73,13.369447469711304
74,13.382099151611328
75,13.625713586807251
76,13.432116985321045
77,13.42479133605957
78,14.668378114700317
79,13.259755611419678
80,13.65598201751709
81,14.482864379882812
82,14.111871242523193
83,14.674675941467285
84,13.706459760665894
85,14.482282638549805
86,13.855259895324707
87,13.55138611793518
88,16.360318660736084
89,14.446881532669067
90,13.38985538482666
91,13.3343825340271
92,13.908539772033691
93,14.344600915908813
94,13.329757452011108
95,13.793941259384155
96,13.356783628463745
97,13.60914134979248
98,14.876986265182495
99,13.999141931533813
