epoch,time
0,179.554581403732
1,151.219355106354
2,149.603786706924
3,137.179463863373
4,149.008856058121
5,150.085481882095
6,156.683312177658
7,151.063232660294
8,149.662781238556
9,140.896617174149
10,147.81632065773
11,156.070791959763
12,157.196535587311
13,150.090586900711
14,144.957389354706
15,149.295656681061
16,161.362698793411
17,155.671332836151
18,156.253829956055
19,145.037129402161
20,153.076449155808
21,157.168477296829
22,160.455652475357
23,155.478429317474
24,150.802665948868
25,143.612201452255
26,154.468649864197
27,160.455878019333
28,155.66788983345
29,153.445710897446
30,149.430412769318
31,155.447506189346
32,164.139925718307
33,163.345458030701
34,155.730964422226
35,153.134803771973
36,152.71306848526
37,162.108958959579
38,165.569952487946
39,164.033367872238
40,151.921404600143
41,152.300350904465
42,158.173393726349
43,170.063250303268
44,165.978975057602
45,155.948028326035
46,149.230809688568
47,157.245542526245
48,170.826945066452
49,165.858961105347
50,161.80379152298
51,118.884402990341
52,120.529832839966
53,119.500654935837
54,122.53924703598
55,120.193723201752
56,119.937709093094
57,119.789686441422
58,122.640969753265
59,121.550590991974
60,121.067663908005
61,119.002397060394
62,121.723766803741
63,120.671614408493
64,118.959559679031
65,123.194692611694
66,121.886569261551
67,121.681838512421
68,121.258877515793
69,118.346432209015
70,121.623712062836
71,121.533282279968
72,120.33326792717
73,122.768892526627
74,122.00999546051
75,122.206254243851
76,124.294326305389
77,123.133349895477
78,123.545054197311
79,122.606340885162
80,124.601242542267
81,123.343412160873
82,124.312457799912
83,121.764357328415
84,122.716703414917
85,121.453090190887
86,123.977384567261
87,122.627233028412
88,122.12927031517
89,122.484789133072
90,122.244544506073
91,124.439902305603
92,125.089883089066
93,124.009043455124
94,120.670352220535
95,122.241413593292
96,124.195701599121
97,126.549176692963
98,125.965219259262
99,122.574236392975
