epoch,time
0,179.5545814037323
1,151.21935510635376
2,149.60378670692444
3,137.1794638633728
4,149.00885605812073
5,150.08548188209534
6,156.68331217765808
7,151.06323266029358
8,149.6627812385559
9,140.89661717414856
10,147.8163206577301
11,156.07079195976257
12,157.1965355873108
13,150.09058690071106
14,144.9573893547058
15,149.2956566810608
16,161.36269879341125
17,155.67133283615112
18,156.2538299560547
19,145.03712940216064
20,153.0764491558075
21,157.16847729682922
22,160.45565247535706
23,155.47842931747437
24,150.8026659488678
25,143.61220145225525
26,154.46864986419678
27,160.45587801933289
28,155.66788983345032
29,153.44571089744568
30,149.43041276931763
31,155.4475061893463
32,164.1399257183075
33,163.34545803070068
34,155.73096442222595
35,153.13480377197266
36,152.71306848526
37,162.10895895957947
38,165.56995248794556
39,164.03336787223816
40,151.92140460014343
41,152.30035090446472
42,158.17339372634888
43,170.06325030326843
44,165.97897505760193
45,155.94802832603455
46,149.23080968856812
47,157.24554252624512
48,170.82694506645203
49,165.85896110534668
50,161.80379152297974
51,156.38209557533264
52,155.79999709129333
53,168.102365732193
54,173.39371252059937
55,169.7900288105011
56,156.2641463279724
57,154.82389426231384
58,159.08773517608643
59,3.385924816131592
