epoch,time
0,129.19879388809204
1,118.88440299034119
2,120.52983283996582
3,119.50065493583679
4,122.53924703598022
5,120.19372320175171
6,119.93770909309387
7,119.78968644142151
8,122.64096975326538
9,121.55059099197388
10,121.06766390800476
11,119.00239706039429
12,121.72376680374146
13,120.67161440849304
14,118.95955967903137
15,123.19469261169434
16,121.8865692615509
17,121.68183851242065
18,121.25887751579285
19,118.34643220901489
20,121.6237120628357
21,121.53328227996826
22,120.3332679271698
23,122.76889252662659
24,122.00999546051025
25,122.20625424385071
26,124.2943263053894
27,123.1333498954773
28,123.5450541973114
29,122.60634088516235
30,124.60124254226685
31,123.34341216087341
32,124.3124577999115
33,121.76435732841492
34,122.71670341491699
35,121.45309019088745
36,123.97738456726074
37,122.62723302841187
38,122.12927031517029
39,122.4847891330719
40,122.244544506073
41,124.43990230560303
42,125.08988308906555
43,124.0090434551239
44,120.67035222053528
45,122.24141359329224
46,124.1957015991211
47,126.54917669296265
48,125.96521925926208
49,122.57423639297485
