epoch,loss,maed
0,927.424072265625,27.308607
1,182.31207614474826,11.57719
2,169.68619113498264,11.395494
3,88.12628555297852,7.660761
4,91.97422790527344,8.241294
5,66.87576675415039,6.8070507
6,97.03088802761502,8.45836
7,249.84406534830728,12.616948
8,135.87308671739368,10.519548
9,199.36820136176215,12.507828
10,67.7396617465549,6.7304735
11,38.261658138699005,5.246726
12,44.4250119527181,5.7253036
13,90.19254642062717,8.53331
14,100.39344872368707,8.698315
15,33.57552485995822,5.027968
16,551.7403971354166,19.210009
17,34.71672142876519,5.3217015
18,38.45540873209635,5.3974023
19,56.496066623263886,6.3053684
20,21.835140864054363,4.01663
21,15.107458538479275,3.2282028
22,15.66273276011149,3.3165452
23,24.624557495117188,4.219669
24,28.65055243174235,4.4416113
25,24.302316453721787,4.2854853
26,30.47561200459798,4.9534173
27,41.26217842102051,5.4850016
28,149.5135260687934,10.866045
29,14.517211702134874,3.305016
30,10.846612400478786,2.6915445
31,7.9905272589789496,2.3904104
32,15.319327778286404,3.357152
33,8.416887760162354,2.37603
34,13.521377669440376,3.1879625
35,435.5415971544054,15.266918
36,6.998076385921902,2.2001874
37,13.048888524373373,3.1412451
38,14.943596204121908,3.373892
39,15.807779206169975,3.4935243
40,29.36948076883952,4.635482
41,7.204177326626247,2.2765262
42,9.638960043589273,2.6082737
43,15.209591653611925,3.2898371
44,7.517314116160075,2.3355207
45,10.142308870951334,2.6956215
46,13.655575646294487,3.0635803
47,10.27521997027927,2.729167
48,7.567758825090197,2.2615576
49,8.385898272196451,2.454926
50,22.14531962076823,4.2446876
51,6.555361906687419,2.1254413
52,7.4774903191460504,2.3328028
53,5.405678908030192,1.9835562
54,6.5762170685662165,2.151167
55,3.137482245763143,1.4229691
56,11.496100425720215,2.901867
57,11.703284369574654,3.0793886
58,10.520366297827827,2.768773
