epoch,loss,maed
0,927.424072265625,27.308607
1,182.312076144748,11.57719
2,169.686191134983,11.395494
3,88.1262855529785,7.660761
4,91.9742279052734,8.241294
5,66.8757667541504,6.8070507
6,97.030888027615,8.45836
7,249.844065348307,12.616948
8,135.873086717394,10.519548
9,199.368201361762,12.507828
10,67.7396617465549,6.7304735
11,38.261658138699,5.246726
12,44.4250119527181,5.7253036
13,90.1925464206272,8.53331
14,100.393448723687,8.698315
15,33.5755248599582,5.027968
16,551.740397135417,19.210009
17,34.7167214287652,5.3217015
18,38.4554087320963,5.3974023
19,56.4960666232639,6.3053684
20,21.8351408640544,4.01663
21,15.1074585384793,3.2282028
22,15.6627327601115,3.3165452
23,24.6245574951172,4.219669
24,28.6505524317424,4.4416113
25,24.3023164537218,4.2854853
26,30.475612004598,4.9534173
27,41.2621784210205,5.4850016
28,149.513526068793,10.866045
29,14.5172117021349,3.305016
30,10.8466124004788,2.6915445
31,7.99052725897895,2.3904104
32,15.3193277782864,3.357152
33,8.41688776016235,2.37603
34,13.5213776694404,3.1879625
35,435.541597154405,15.266918
36,6.9980763859219,2.2001874
37,13.0488885243734,3.1412451
38,14.9435962041219,3.373892
39,15.80777920617,3.4935243
40,29.3694807688395,4.635482
41,7.20417732662625,2.2765262
42,9.63896004358927,2.6082737
43,15.2095916536119,3.2898371
44,7.51731411616008,2.3355207
45,10.1423088709513,2.6956215
46,13.6555756462945,3.0635803
47,10.2752199702793,2.729167
48,7.5677588250902,2.2615576
49,8.38589827219645,2.454926
50,22.1453196207682,4.2446876
51,11.2757392459446,2.927472
52,12.6275559531318,3.0319624
53,3.49390448464288,1.5074717
54,9.68758418824938,2.7347078
55,5.46374956766764,2.0050647
56,31.7054064008925,4.3764
57,8.67005523045858,2.5320709
58,10.0828882323371,2.761426
59,3.93455624580383,1.6649959
60,6.6259183883667,2.2201827
61,3.85152501530117,1.6355207
62,8.44909477233887,2.4621756
63,8.72336620754666,2.4885173
64,9.15026659435696,2.5391765
65,4.00018527772692,1.6019553
66,4.51297458012899,1.7873529
67,8.97811571756999,2.471101
68,4.69492567910088,1.784281
69,3.46842058499654,1.5168202
70,7.02692381540934,2.2235975
71,14.5750475989448,3.2452877
72,13.1777779261271,3.0502872
73,2.27066291703118,1.2242724
74,3.35822945170932,1.459617
75,3.8625819683075,1.6330895
76,3.0963960091273,1.459874
77,4.08412856525845,1.673429
78,6.37236573961046,2.08173
79,3.99590990278456,1.623613
80,3.41323402192858,1.5946202
81,1.98183704747094,1.1756295
82,3.06664861573113,1.4150696
83,2.86551576190525,1.3847643
84,3.15581777360704,1.4030712
85,3.20888617303636,1.5296198
86,1.95036541091071,1.1025294
87,1.59082504113515,0.99190724
88,2.0938470893436,1.1712284
89,3.11622397104899,1.4361324
90,6.17627869711982,2.160204
91,2.23166008790334,1.2510136
92,2.16764852735731,1.2121844
93,2.79197295506795,1.3196986
94,3.4364185333252,1.4857031
95,1.91541617446476,1.1531264
96,5.04543828964233,1.7503656
97,21.9994415177239,3.438496
98,5.04113870196872,1.8031487
99,1.98796963691711,1.1022983
