epoch,time
0,27.908288717269897
1,14.549335479736328
2,14.656367778778076
3,14.914261102676392
4,14.622298240661621
5,14.66469931602478
6,14.439478874206543
7,14.35723090171814
8,15.084083080291748
9,14.202767848968506
10,14.659457683563232
11,14.656274557113647
12,14.674521446228027
13,14.847712993621826
14,14.082130193710327
15,13.393035411834717
16,14.102418661117554
17,15.311218023300171
18,15.203141212463379
19,15.159021139144897
20,15.64780330657959
21,14.313713073730469
22,14.98620057106018
23,13.30124568939209
24,14.995239734649658
25,14.924000978469849
26,15.109242916107178
27,14.526345491409302
28,14.224409580230713
29,15.470860958099365
30,15.746529579162598
31,14.556017637252808
32,15.711334228515625
33,15.157341957092285
34,15.165651082992554
35,14.708270072937012
36,15.234072208404541
37,14.732461929321289
38,15.064769506454468
39,15.014609098434448
40,15.390766859054565
41,15.247997760772705
42,14.595024108886719
43,15.406393051147461
44,15.2550790309906
45,14.764532089233398
46,14.97170901298523
47,15.341200590133667
48,15.282952070236206
49,15.49297833442688
50,15.10939359664917
51,15.339191436767578
52,15.055226564407349
53,15.537956237792969
54,15.08203935623169
55,15.398289680480957
56,14.949622631072998
57,15.455547332763672
58,14.672437191009521
59,15.885967016220093
60,15.431480646133423
61,15.570426940917969
62,15.439751386642456
63,15.458092212677002
64,15.17414402961731
65,15.325302362442017
66,15.570990800857544
67,15.820094585418701
68,15.366312026977539
69,15.72624945640564
70,14.875537633895874
71,14.877901315689087
72,15.719018936157227
73,15.537843704223633
74,14.98941707611084
75,15.776164531707764
76,14.022724628448486
77,15.203285932540894
78,47.903156042099
79,87.6278064250946
80,19.78248620033264
81,15.796323299407959
82,15.20211911201477
83,17.425923347473145
84,19.680562019348145
85,15.138473749160767
86,15.157570838928223
87,16.17215323448181
88,15.002663612365723
89,15.513570785522461
90,16.2561194896698
91,15.712522506713867
92,15.597410202026367
93,15.29996657371521
94,14.194960594177246
95,16.676132440567017
96,13.975563526153564
97,15.919623136520386
98,15.153330087661743
99,15.605704307556152
