epoch,time
0,21.368934392929077
1,8.123563766479492
2,8.060615062713623
3,8.806461572647095
4,7.894408226013184
5,8.009469032287598
6,8.030919790267944
7,8.441303730010986
8,8.148053169250488
9,8.113595247268677
10,8.351804494857788
11,8.116660833358765
12,8.18570327758789
13,8.342574119567871
14,8.714447021484375
15,8.392425298690796
16,8.146585941314697
17,8.80043339729309
18,8.596843004226685
19,8.363507747650146
20,8.435335636138916
21,8.217270374298096
22,8.728092193603516
23,7.9630560874938965
24,8.417223691940308
25,8.18591046333313
26,8.115169286727905
27,8.25828242301941
28,8.396456956863403
29,8.47197699546814
30,8.377063512802124
31,8.654139041900635
32,8.681498289108276
33,8.534836530685425
34,8.94201135635376
35,8.242518901824951
36,8.385387659072876
37,9.225001335144043
38,8.035279512405396
39,8.180725812911987
40,8.414711713790894
41,8.263679027557373
42,8.483996152877808
43,8.176469564437866
44,8.282834529876709
45,8.780502319335938
46,8.379632949829102
47,8.07359266281128
48,9.418355941772461
49,8.587416648864746
50,8.45906662940979
51,8.721569061279297
52,9.199788331985474
53,8.630173921585083
54,8.4506254196167
55,8.657917737960815
56,9.237905502319336
57,8.709444284439087
58,8.022991180419922
59,8.391883373260498
60,8.575637340545654
61,8.35424518585205
62,8.611470222473145
63,8.347229480743408
64,8.638459920883179
65,8.485759973526001
66,8.391828298568726
67,8.709804773330688
68,9.035131454467773
69,8.30072569847107
70,8.415001392364502
71,8.467816829681396
72,8.835192918777466
73,8.86013412475586
74,8.235913276672363
75,8.542170524597168
76,9.222458362579346
77,9.026077270507812
78,8.512008905410767
79,9.043252944946289
80,8.521302938461304
81,9.053362607955933
82,9.27328634262085
83,8.961300134658813
84,8.586378574371338
85,8.378693580627441
86,9.187514543533325
87,8.958527088165283
88,9.026003360748291
89,8.33471417427063
90,9.030377626419067
91,8.462269306182861
92,9.028300285339355
93,8.860619306564331
94,9.20449709892273
95,8.964284658432007
96,8.461262226104736
97,8.975277662277222
98,9.110770225524902
99,8.731976985931396
