epoch,time
0,62.240782499313354
1,49.118895053863525
2,49.63249683380127
3,50.645947217941284
4,50.699678897857666
5,50.6194064617157
6,50.508750438690186
7,50.67506170272827
8,50.66624569892883
9,48.96585536003113
10,49.573649883270264
11,49.56081700325012
12,50.083908557891846
13,50.56747078895569
14,50.99040102958679
15,50.64050507545471
16,50.753669023513794
17,48.12639880180359
18,48.08097219467163
19,50.11345338821411
20,50.92979884147644
21,50.57355880737305
22,50.68332624435425
23,50.90402603149414
24,50.733036041259766
25,50.98144221305847
26,50.24101734161377
27,50.121439695358276
28,49.494720697402954
29,50.117077112197876
30,49.756322383880615
31,49.654160022735596
32,49.68839240074158
33,49.521761417388916
34,47.7814998626709
35,47.93986415863037
36,48.019750356674194
37,47.78694486618042
38,47.833451986312866
39,48.02691459655762
40,47.827425718307495
41,47.890374422073364
42,48.031327962875366
43,47.9822998046875
44,47.86042404174805
45,47.86927509307861
46,48.22092938423157
47,47.870983362197876
48,48.15842890739441
49,48.10894966125488
50,47.76594018936157
51,47.743468046188354
52,48.01056265830994
53,47.76341676712036
54,47.92250847816467
55,47.92124891281128
56,47.80224251747131
57,47.95856285095215
58,47.87846660614014
59,48.36988592147827
60,48.07430338859558
61,48.0366575717926
62,47.79875135421753
63,48.129613161087036
64,47.72967553138733
65,47.73960757255554
66,47.9926815032959
67,47.79357051849365
68,47.74287509918213
69,48.26271080970764
70,48.27432036399841
71,47.72480654716492
72,47.95305275917053
73,47.886069774627686
74,47.88971471786499
75,48.02192187309265
76,47.985172748565674
77,47.758636474609375
78,47.92697095870972
79,48.49782204627991
80,47.739413261413574
81,47.847187995910645
82,48.07348084449768
83,47.907440423965454
84,47.740914821624756
85,47.83618664741516
86,48.1449236869812
87,47.988595485687256
88,47.93874263763428
89,48.36935257911682
90,47.837944746017456
91,47.84083533287048
92,48.178390979766846
93,47.75955581665039
94,47.87026333808899
95,47.898420095443726
96,48.209022521972656
97,47.79978013038635
98,48.10988163948059
99,48.51609182357788
