epoch,time
0,58.46949505805969
1,49.34610390663147
2,49.413973331451416
3,48.9322304725647
4,48.94337248802185
5,49.43661284446716
6,48.878496408462524
7,48.93062686920166
8,49.297868967056274
9,50.105239391326904
10,51.86973261833191
11,52.7102153301239
12,51.166295289993286
13,51.78213906288147
14,51.49162435531616
15,52.55247116088867
16,51.75920605659485
17,51.118717193603516
18,51.53042507171631
19,51.53226447105408
20,51.49816536903381
21,51.252301931381226
22,50.477888107299805
23,50.323890209198
24,49.175700187683105
25,50.085638999938965
26,51.75714445114136
27,49.51918053627014
28,48.991676807403564
29,49.24694538116455
30,49.75640058517456
31,51.084426403045654
32,51.909706115722656
33,52.465411901474
34,52.0701904296875
35,52.341039180755615
36,51.297199726104736
37,49.433680057525635
38,49.48721885681152
39,49.88419556617737
40,49.38341665267944
41,49.9078893661499
42,49.29933214187622
43,49.409061908721924
44,49.48525905609131
45,49.42109227180481
46,49.44262170791626
47,49.505770206451416
48,49.47148060798645
49,49.88796091079712
50,49.32629418373108
51,49.49340558052063
52,49.46126961708069
53,49.44509792327881
54,49.40914559364319
55,49.78814339637756
56,49.192373514175415
57,49.39841890335083
58,49.05408310890198
59,49.37419843673706
60,49.060943603515625
61,49.05236530303955
62,49.124789237976074
63,49.14050364494324
64,49.08518385887146
65,49.0900342464447
66,49.06256413459778
67,49.1876859664917
68,49.08411383628845
69,49.51385498046875
70,49.10332012176514
71,49.086122035980225
72,49.03527617454529
73,49.1524498462677
74,49.05103135108948
75,49.23018550872803
76,49.326507806777954
77,49.3695342540741
78,49.52541708946228
79,49.651865005493164
80,49.836549520492554
81,49.35590314865112
82,49.14783835411072
83,49.071035385131836
84,49.26743745803833
85,49.08564019203186
86,49.22752332687378
87,49.226179122924805
88,49.156150102615356
89,49.48794102668762
90,49.17099452018738
91,49.07367300987244
92,49.098565340042114
93,49.20573425292969
94,49.30229139328003
95,49.132771253585815
96,49.202255964279175
97,49.20598816871643
98,49.16132640838623
99,49.53394603729248
