epoch,time
0,73.95968341827393
1,65.9233558177948
2,66.8207061290741
3,67.1344382762909
4,65.23580622673035
5,65.18487167358398
6,64.00789999961853
7,64.66244220733643
8,67.75065898895264
9,67.29128837585449
10,64.76952576637268
11,66.59871649742126
12,65.45067405700684
13,67.97888898849487
14,66.8400936126709
15,65.85359954833984
16,64.50699186325073
17,65.13805961608887
18,67.20203995704651
19,66.68899083137512
20,68.9393584728241
21,65.72375726699829
22,65.79692029953003
23,66.39160180091858
24,67.11450099945068
25,68.46971845626831
26,65.70947456359863
27,64.08202409744263
28,65.19830989837646
29,69.67946481704712
30,68.80984950065613
31,66.68007683753967
32,66.99318623542786
33,66.01758670806885
34,67.40163946151733
35,66.43479323387146
36,66.961923122406
37,65.8133614063263
38,65.67762184143066
39,68.51678085327148
40,66.55446577072144
41,67.71267557144165
42,66.07813453674316
43,66.4977171421051
44,66.91911196708679
45,67.75220608711243
46,67.8526382446289
47,68.25346565246582
48,67.10983109474182
49,67.82612228393555
50,69.99640703201294
51,68.99240732192993
52,68.48464012145996
53,68.75704383850098
54,66.69575881958008
55,67.05331468582153
56,69.72759294509888
57,69.74414825439453
58,68.38395404815674
59,68.37689161300659
60,66.56960535049438
61,70.79484367370605
62,71.30956673622131
63,68.57403874397278
64,67.07009100914001
65,68.80467581748962
66,70.27552556991577
67,69.19629049301147
68,67.79112720489502
69,67.12783861160278
70,67.39842367172241
71,69.22635984420776
72,70.6807849407196
73,69.08175611495972
74,67.32113575935364
75,65.58561944961548
76,70.21749472618103
77,70.88660168647766
78,70.3491997718811
79,68.27729606628418
80,70.12044215202332
81,67.5884280204773
82,71.363107919693
83,71.31688642501831
84,71.44075560569763
85,68.58838701248169
86,68.72119331359863
87,72.06594228744507
88,73.77503275871277
89,69.58905053138733
90,69.70003247261047
91,69.09952640533447
92,69.5914363861084
93,73.49409341812134
94,75.07345771789551
95,70.39213299751282
96,67.36482524871826
97,67.49278712272644
98,74.93228268623352
99,74.87300682067871
