epoch,loss,maed
0,1060.264139811198,27.593
1,701.6151936848959,22.80886
2,526.2054612901476,20.251951
3,330.1265597873264,16.131893
4,292.0998891194661,14.932814
5,141.48221672905817,10.32925
6,199.15987650553384,12.132487
7,321.31465996636285,15.797836
8,154.97725084092883,11.180449
9,88.4013909233941,7.804886
10,101.35918680826823,8.717877
11,324.65891520182294,15.708008
12,102.5316179063585,8.6834135
13,165.17279561360678,11.257775
14,113.18847317165799,9.406779
15,62.80785454644097,6.717099
16,33.47119691636827,4.8244085
17,126.86352878146701,10.068302
18,226.53460015190973,13.2634325
19,278.72457546657984,14.608943
20,51.20019192165799,6.244953
21,52.718911488850914,6.162943
22,191.80938212076822,12.344067
23,62.87611558702257,6.6844945
24,47.468743642171226,6.005384
25,45.75370195176866,5.9442677
26,26.24053404066298,4.1963935
27,88.06683010525174,7.9366097
28,227.18363613552518,12.574986
29,23.137954499986435,4.004337
30,50.095697191026474,6.100588
31,49.46920861138238,5.958283
32,33.32332547505697,4.8551655
33,18.86075994703505,3.7252321
34,59.60222371419271,6.9334383
35,15.64081859588623,3.182221
36,23.481638590494793,4.0762606
37,138.11162990993924,10.219753
38,24.87066904703776,4.2030096
39,54.451023525661896,6.3610415
40,17.283152368333603,3.4873576
41,24.98929214477539,4.2099595
42,18.324831432766384,3.6018257
43,29.96535809834798,4.751975
44,20.906508869594997,3.8654175
45,21.748819881015354,3.9866436
46,12.875951872931587,3.0252666
47,20.81680530971951,3.8841934
48,20.590465121799046,3.8695145
49,19.118509928385418,3.6797414
50,28.294181399875217,4.5469112
51,22.905752499898274,4.1684117
52,19.093124283684624,3.604095
53,18.611227883232964,3.5505915
54,15.084145545959473,3.2100275
55,24.82058991326226,4.2937145
56,9.136949115329319,2.5259895
57,29.20603307088216,4.547384
58,19.16052680545383,3.6289873
59,15.988987392849392,3.3707051
60,24.403434965345596,4.2698264
61,9.807407432132297,2.6067817
62,12.1145142449273,2.851176
63,21.06527116563585,4.0142074
64,17.424205674065483,3.5773942
65,9.04970841937595,2.480239
66,14.892870479159885,3.2452855
67,22.538560761345757,3.9297833
68,14.275310834248861,3.1851811
69,16.46816137101915,3.5467172
70,8.912191602918837,2.5063698
71,11.057681348588732,2.7926474
72,11.30409664577908,2.7892406
73,12.379463725619846,2.8731325
74,10.959872245788574,2.7536488
75,8.504924986097548,2.375598
76,5.726207097371419,1.9288464
77,11.865887535942925,2.9331896
78,11.983976735009087,2.9153733
79,12.447738647460938,2.9416459
80,14.001942952473959,3.0629683
81,14.57325914171007,3.180884
82,15.257940610249838,3.3901505
83,6.4306942621866865,2.0507524
84,8.006863329145643,2.2335405
85,6.586105876498753,2.0634727
86,26.284401999579536,4.3894696
87,13.20881430308024,3.15921
88,9.042117330763075,2.5288763
89,8.034374396006266,2.324543
90,6.958272827996148,2.1896646
91,9.888671980963814,2.6925569
92,6.431478023529053,2.1465888
93,4.9889104631212025,1.763429
94,8.261021773020426,2.3890548
95,10.067449887593588,2.6161642
96,7.445231729083591,2.145612
97,10.004336569044325,2.590256
98,9.983186456892225,2.7832499
99,8.374655405680338,2.4059248
