epoch,time
0,27.296427726745605
1,15.037301778793335
2,14.717987537384033
3,15.321429252624512
4,14.421883821487427
5,15.025763750076294
6,14.45846438407898
7,15.248316287994385
8,15.237263679504395
9,15.374665021896362
10,15.173696756362915
11,15.481686115264893
12,15.451750993728638
13,14.796294927597046
14,14.782171726226807
15,14.454686403274536
16,14.834614753723145
17,15.274904012680054
18,15.77218747138977
19,15.805433511734009
20,15.300816535949707
21,15.001612663269043
22,15.54772424697876
23,13.951064586639404
24,14.935842514038086
25,14.887255668640137
26,14.407339811325073
27,14.718038558959961
28,14.688448905944824
29,15.32105541229248
30,14.837270259857178
31,15.228275299072266
32,15.440699100494385
33,15.248538970947266
34,15.21036672592163
35,15.366910934448242
36,16.17635750770569
37,15.401482343673706
38,15.219587802886963
39,14.279889583587646
40,14.880024909973145
41,15.492873191833496
42,15.11706280708313
43,15.58844518661499
44,14.833445310592651
45,15.748833894729614
46,15.67153024673462
47,15.964425802230835
48,14.898816347122192
49,15.824932098388672
50,15.236308574676514
51,15.960600137710571
52,15.582072496414185
53,15.988155126571655
54,15.410080909729004
55,15.29330563545227
56,15.636593580245972
57,14.93179440498352
58,15.990900754928589
59,16.19341206550598
60,16.035058736801147
61,16.805819749832153
62,16.079575061798096
63,15.769736766815186
64,16.136847257614136
65,16.254965782165527
66,15.96371340751648
67,14.95189094543457
68,15.762723684310913
69,15.595717430114746
70,15.669056177139282
71,15.92030644416809
72,15.952134609222412
73,15.295060873031616
74,15.048550367355347
75,16.186495065689087
76,15.360035419464111
77,15.641974687576294
78,29.296241521835327
79,81.89181017875671
80,90.40460968017578
81,16.7058527469635
82,15.415104866027832
83,15.672784805297852
84,15.702492713928223
85,16.14154577255249
86,16.24426031112671
87,16.687854290008545
88,15.213773727416992
89,15.33182692527771
90,15.72641134262085
91,16.326038360595703
92,15.855846166610718
93,15.335955381393433
94,15.961714506149292
95,16.41278576850891
96,16.414217233657837
97,15.338554620742798
98,16.468629121780396
99,14.998220920562744
