epoch,time
0,21.371105670928955
1,9.061578750610352
2,8.96752643585205
3,9.23086166381836
4,9.123647928237915
5,9.532364130020142
6,9.137342929840088
7,9.928031921386719
8,9.330444812774658
9,9.479187488555908
10,9.97954273223877
11,8.938561201095581
12,9.594396829605103
13,10.109297752380371
14,9.642154693603516
15,9.610955238342285
16,9.502503395080566
17,9.533073663711548
18,8.95233941078186
19,9.014729022979736
20,9.572370529174805
21,9.214226484298706
22,9.66171407699585
23,10.219613313674927
24,9.952698469161987
25,9.2093985080719
26,8.941795587539673
27,9.819369316101074
28,9.925432205200195
29,9.843868255615234
30,9.172668695449829
31,9.48201036453247
32,9.935157775878906
33,9.762452602386475
34,9.722875833511353
35,9.446046352386475
36,9.171383619308472
37,8.82737684249878
38,9.891974925994873
39,9.71030592918396
40,9.911554098129272
41,10.380526065826416
42,8.84598708152771
43,10.493457555770874
44,9.985582113265991
45,9.492501735687256
46,9.569069385528564
47,9.830971240997314
48,9.728137016296387
49,9.792744159698486
50,10.110142230987549
51,9.202427387237549
52,9.361932516098022
53,9.393664121627808
54,9.576028108596802
55,10.491137504577637
56,10.500218152999878
57,9.717805862426758
58,9.518706321716309
59,9.51310658454895
60,10.159441947937012
61,10.267404079437256
62,10.421657800674438
63,10.198353290557861
64,10.430809497833252
65,10.18627142906189
66,9.730678081512451
67,10.076129674911499
68,9.657941102981567
69,9.984315872192383
70,9.693970203399658
71,10.080313444137573
72,10.83147931098938
73,9.842777967453003
74,10.600135803222656
75,10.04228401184082
76,9.841003894805908
77,9.999335050582886
78,9.92651653289795
79,9.235183477401733
80,9.78257131576538
81,9.808515310287476
82,9.926871061325073
83,10.359946250915527
84,9.761348009109497
85,9.562001705169678
86,9.899434328079224
87,10.586183547973633
88,10.511751413345337
89,10.577932834625244
90,10.482853174209595
91,10.327030181884766
92,10.7783784866333
93,10.087619066238403
94,9.649968385696411
95,10.161893129348755
96,9.84911322593689
97,9.328526496887207
98,9.608041763305664
99,9.610918998718262
