epoch,time
0,24.26987648010254
1,16.985788106918335
2,17.262822151184082
3,16.587462186813354
4,17.366073608398438
5,17.749758005142212
6,16.94075298309326
7,16.643274784088135
8,17.38824200630188
9,17.451284170150757
10,16.49297571182251
11,16.75245952606201
12,17.456674575805664
13,16.779807806015015
14,16.7401442527771
15,17.29859209060669
16,17.253026723861694
17,16.58183741569519
18,17.143603324890137
19,17.405601263046265
20,16.80995488166809
21,16.828762769699097
22,16.88936161994934
23,16.561094522476196
24,17.213693857192993
25,17.134610176086426
26,16.75778365135193
27,16.624324798583984
28,17.048147916793823
29,17.96018099784851
30,16.65026044845581
31,16.54014801979065
32,16.64361882209778
33,16.45145058631897
34,16.702311515808105
35,17.163206577301025
36,17.34601902961731
37,18.653252363204956
38,17.090097188949585
39,17.092665910720825
40,17.1156222820282
41,16.710962772369385
42,17.403578281402588
43,18.013370275497437
44,17.726093292236328
45,16.85754680633545
46,17.056501388549805
47,16.818068742752075
48,17.756956100463867
49,17.205232620239258
50,17.052996397018433
51,17.11703872680664
52,16.845568656921387
53,16.814154624938965
54,17.556055068969727
55,16.836360692977905
56,16.942891597747803
57,16.929401397705078
58,17.79375457763672
59,17.680840969085693
60,17.673240661621094
61,16.806146144866943
62,17.1255784034729
63,16.735930919647217
64,17.03721785545349
65,17.152740001678467
66,17.780136585235596
67,17.358285427093506
68,17.167598247528076
69,17.62442135810852
70,17.1015727519989
71,16.9829318523407
72,17.052509784698486
73,16.977303743362427
74,17.089794874191284
75,17.547213315963745
76,18.002232789993286
77,17.649637699127197
78,17.33780789375305
79,17.497315168380737
80,17.376696825027466
81,17.17659020423889
82,16.845617055892944
83,16.168391704559326
84,16.123445749282837
85,16.586416959762573
86,16.85549306869507
87,16.858132362365723
88,17.36214590072632
89,18.635416746139526
90,18.27768850326538
91,17.910273790359497
92,18.110831022262573
93,18.341066122055054
94,18.387717723846436
95,18.04944348335266
96,18.200562477111816
97,17.462239503860474
98,17.711386680603027
99,18.527364492416382
