epoch,time
0,23.759185791015625
1,15.495365619659424
2,14.092536926269531
3,16.320810079574585
4,15.893570899963379
5,14.453501224517822
6,15.405420064926147
7,15.769968032836914
8,15.77063512802124
9,16.64679455757141
10,16.13538646697998
11,15.910444974899292
12,15.653781652450562
13,16.69273567199707
14,16.889446258544922
15,15.98121953010559
16,16.42837619781494
17,16.147546768188477
18,15.982596635818481
19,15.661492586135864
20,15.283308982849121
21,15.092702150344849
22,16.57065749168396
23,16.1848087310791
24,15.874792575836182
25,15.364912271499634
26,16.804793119430542
27,16.044196844100952
28,18.943496465682983
29,16.24326467514038
30,15.744420766830444
31,16.766225576400757
32,15.706022024154663
33,15.219502449035645
34,16.45468306541443
35,14.43773889541626
36,16.372984409332275
37,16.03261661529541
38,16.497880220413208
39,16.35779309272766
40,16.249091625213623
41,17.46229124069214
42,16.294443368911743
43,17.333292484283447
44,16.948283672332764
45,15.680438041687012
46,15.881770133972168
47,16.640801429748535
48,14.202317714691162
49,16.24849271774292
50,28.920897006988525
51,15.31490707397461
52,17.297165870666504
53,16.990302324295044
54,17.109086275100708
55,16.679795503616333
56,16.69853186607361
57,17.549166440963745
58,16.12495231628418
59,14.040894269943237
60,17.184799432754517
61,15.448687076568604
62,15.738564729690552
63,16.890227794647217
64,16.49129056930542
65,16.512491941452026
66,15.916695594787598
67,17.3975088596344
68,15.999849081039429
69,17.658341884613037
70,14.862737894058228
71,17.088541269302368
72,17.12444043159485
73,16.296318292617798
74,17.609708786010742
75,17.261479139328003
76,15.619714260101318
77,16.054349422454834
78,16.807849168777466
79,15.416010856628418
80,17.835547924041748
81,15.45414686203003
82,16.531211853027344
83,16.553980827331543
84,16.00918698310852
85,17.35700511932373
86,20.697863817214966
87,16.9920551776886
88,16.445632696151733
89,15.442647695541382
90,16.647505044937134
91,16.954939365386963
92,15.153939247131348
93,17.040174961090088
94,14.897162914276123
95,15.252447843551636
96,15.632424116134644
97,16.66112518310547
98,18.4225492477417
99,16.050194025039673
