epoch,time
0,26.487375497817993
1,14.814415216445923
2,14.467985153198242
3,15.717723846435547
4,14.657005786895752
5,15.12603211402893
6,14.582170009613037
7,14.308055400848389
8,14.93720531463623
9,15.139007568359375
10,15.847388982772827
11,13.988941431045532
12,14.95120120048523
13,15.049452066421509
14,15.085475444793701
15,15.187496423721313
16,14.649480819702148
17,15.01678466796875
18,15.452854633331299
19,15.296308279037476
20,15.07136344909668
21,15.393974781036377
22,15.605669736862183
23,14.75478982925415
24,15.703005313873291
25,15.201533317565918
26,16.125325202941895
27,15.278338432312012
28,15.910149335861206
29,15.38077449798584
30,14.154403924942017
31,14.954356670379639
32,15.000404119491577
33,15.11815094947815
34,14.972925901412964
35,15.183370351791382
36,15.341868162155151
37,14.638195037841797
38,15.566742420196533
39,14.896631479263306
40,15.358259916305542
41,15.420892000198364
42,14.828452587127686
43,16.345157384872437
44,15.76452898979187
45,15.8038489818573
46,15.934861898422241
47,14.904345035552979
48,16.173713207244873
49,15.4806547164917
50,15.764593601226807
51,16.082860231399536
52,15.963247299194336
53,15.737001180648804
54,15.209903478622437
55,13.953441381454468
56,14.103992462158203
57,14.960537910461426
58,15.345114707946777
59,15.520324468612671
60,15.446282625198364
61,15.761384010314941
62,14.400845050811768
63,16.64477252960205
64,14.861014127731323
65,15.654168605804443
66,15.079047203063965
67,15.309863328933716
68,15.536235094070435
69,14.662084579467773
70,14.948551416397095
71,16.086977243423462
72,15.977067470550537
73,15.724002838134766
74,15.507656335830688
75,15.321637153625488
76,15.657950401306152
77,15.855931282043457
78,16.120688915252686
79,15.47438669204712
80,15.735309839248657
81,15.37219762802124
82,17.204437017440796
83,15.324442148208618
84,15.037927389144897
85,16.01938223838806
86,16.059879541397095
87,15.15218472480774
88,15.339494705200195
89,14.839157819747925
90,15.522056102752686
91,15.128736972808838
92,20.563599348068237
93,13.380749464035034
94,13.043347597122192
95,12.824253559112549
96,14.101696491241455
97,14.951810836791992
98,16.507762670516968
99,15.502280235290527
