epoch,loss,maed
0,5.968384636773004,2.0353618
1,11.275739245944553,2.927472
2,12.627555953131782,3.0319624
3,3.4939044846428766,1.5074717
4,9.687584188249376,2.7347078
5,5.4637495676676435,2.0050647
6,31.70540640089247,4.3764
7,8.670055230458578,2.5320709
8,10.082888232337105,2.761426
9,3.934556245803833,1.6649959
10,6.625918388366699,2.2201827
11,3.8515250153011746,1.6355207
12,8.449094772338867,2.4621756
13,8.723366207546658,2.4885173
14,9.15026659435696,2.5391765
15,4.000185277726915,1.6019553
16,4.512974580128987,1.7873529
17,8.978115717569986,2.471101
18,4.694925679100884,1.784281
19,3.4684205849965415,1.5168202
20,7.026923815409343,2.2235975
21,14.57504759894477,3.2452877
22,13.177777926127115,3.0502872
23,2.2706629170311823,1.2242724
24,3.3582294517093234,1.459617
25,3.862581968307495,1.6330895
26,3.096396009127299,1.459874
27,4.08412856525845,1.673429
28,6.37236573961046,2.08173
29,3.9959099027845593,1.623613
30,3.4132340219285755,1.5946202
31,1.9818370474709406,1.1756295
32,3.0666486157311335,1.4150696
33,2.8655157619052463,1.3847643
34,3.1558177736070423,1.4030712
35,3.2088861730363636,1.5296198
36,1.9503654109107122,1.1025294
37,1.590825041135152,0.99190724
38,2.0938470893436008,1.1712284
39,3.1162239710489907,1.4361324
40,6.176278697119819,2.160204
41,2.231660087903341,1.2510136
42,2.167648527357313,1.2121844
43,2.7919729550679526,1.3196986
44,3.4364185333251953,1.4857031
45,1.9154161744647555,1.1531264
46,5.045438289642334,1.7503656
47,21.99944151772393,3.438496
48,5.041138701968723,1.8031487
49,1.9879696369171143,1.1022983
