epoch,coding_loss,loss,reconstruction_loss
0,0.03286047652363777,37.65229415893555,37.61943435668945
1,0.3209005892276764,35.103885650634766,34.78298568725586
2,0.7286604642868042,31.305160522460938,30.576499938964844
3,0.382251113653183,30.04030990600586,29.658058166503906
4,0.2378842681646347,29.06299591064453,28.825111389160156
5,0.2208978235721588,29.0257568359375,28.804859161376953
6,0.16375575959682465,28.7807559967041,28.617000579833984
7,0.18174007534980774,28.944686889648438,28.76294708251953
8,0.16356834769248962,29.045289993286133,28.88172149658203
9,0.18005399405956268,28.88606834411621,28.70601463317871
10,0.23402917385101318,28.926021575927734,28.691991806030273
11,0.18265146017074585,28.888389587402344,28.705738067626953
12,0.17321781814098358,28.72345733642578,28.55023956298828
13,0.17029784619808197,28.643917083740234,28.47361946105957
14,0.23059096932411194,28.687156677246094,28.456565856933594
15,0.18264010548591614,29.177528381347656,28.994888305664062
16,0.2585775852203369,28.058162689208984,27.799585342407227
17,0.23135720193386078,28.52130699157715,28.289949417114258
18,0.2562265396118164,28.297874450683594,28.04164695739746
19,0.2717995047569275,28.01938247680664,27.747583389282227
20,0.17265984416007996,28.768461227416992,28.595802307128906
21,0.12488706409931183,29.105724334716797,28.980836868286133
22,0.19567632675170898,28.49824333190918,28.302566528320312
23,0.26829180121421814,27.991722106933594,27.723430633544922
24,0.19072513282299042,28.15828514099121,27.967559814453125
25,0.20553623139858246,28.193126678466797,27.987590789794922
26,0.20736344158649445,28.097537994384766,27.890174865722656
27,0.16251103579998016,28.48253631591797,28.320024490356445
28,0.2526871860027313,28.133995056152344,27.88130760192871
29,0.20609994232654572,28.3641357421875,28.158035278320312
30,0.24069832265377045,28.085012435913086,27.844314575195312
31,0.2005457729101181,28.20380401611328,28.003257751464844
32,0.22356057167053223,27.944683074951172,27.72112274169922
33,0.11130873113870621,28.743980407714844,28.632671356201172
34,0.1740747094154358,28.507503509521484,28.33342933654785
35,0.13200323283672333,28.88127326965332,28.749269485473633
36,0.17128834128379822,28.25574493408203,28.084457397460938
37,0.22979140281677246,28.070011138916016,27.840219497680664
38,0.30081039667129517,27.626598358154297,27.325788497924805
39,0.24717862904071808,27.83118438720703,27.58400535583496
40,0.2194555103778839,27.990297317504883,27.770841598510742
41,0.20420770347118378,27.71070098876953,27.506492614746094
42,0.21560044586658478,28.007417678833008,27.79181671142578
43,0.22262859344482422,27.67011260986328,27.447484970092773
44,0.1503162682056427,28.705371856689453,28.555055618286133
45,0.27901312708854675,27.458776473999023,27.179763793945312
46,0.22357678413391113,27.820032119750977,27.596454620361328
47,0.1863420307636261,28.374643325805664,28.18830108642578
48,0.2976554036140442,27.921964645385742,27.624309539794922
49,0.2625880837440491,27.266176223754883,27.00358772277832
50,0.22089603543281555,28.08008575439453,27.859189987182617
51,0.1885596066713333,28.200292587280273,28.01173210144043
52,0.21961556375026703,27.655839920043945,27.43622398376465
53,0.23700395226478577,27.964229583740234,27.72722625732422
54,0.19487550854682922,28.111713409423828,27.916837692260742
55,0.23573803901672363,27.576932907104492,27.34119415283203
56,0.20608189702033997,27.819936752319336,27.613855361938477
57,0.22732841968536377,27.707998275756836,27.480669021606445
58,0.2267521619796753,27.418657302856445,27.191905975341797
59,0.2268783301115036,27.89893913269043,27.672060012817383
60,0.20700351893901825,27.866317749023438,27.65931510925293
61,0.25041621923446655,27.443452835083008,27.193037033081055
62,0.19678138196468353,28.30866241455078,28.111881256103516
63,0.21475262939929962,27.997570037841797,27.782817840576172
64,0.17815853655338287,27.744216918945312,27.566059112548828
65,0.1723484992980957,28.224308013916016,28.051959991455078
66,0.1692253202199936,28.142833709716797,27.973608016967773
67,0.20417945086956024,27.552276611328125,27.34809684753418
68,0.21563763916492462,27.622774124145508,27.407136917114258
69,0.23425917327404022,27.157508850097656,26.923250198364258
70,0.17780177295207977,27.94734001159668,27.76953887939453
71,0.18964242935180664,27.891748428344727,27.702106475830078
72,0.2355707734823227,27.533828735351562,27.29825782775879
73,0.22046418488025665,27.49466323852539,27.274198532104492
74,0.17513614892959595,27.470447540283203,27.295310974121094
75,0.17601025104522705,27.841197967529297,27.66518783569336
76,0.18562249839305878,28.133411407470703,27.94778823852539
77,0.2062326967716217,27.487890243530273,27.281658172607422
78,0.17432241141796112,27.784908294677734,27.610586166381836
79,0.2129531353712082,27.558774948120117,27.345821380615234
80,0.16061662137508392,27.821880340576172,27.661264419555664
81,0.18526409566402435,28.14743423461914,27.962169647216797
82,0.20613329112529755,27.60907554626465,27.402942657470703
83,0.18259738385677338,27.63570785522461,27.453109741210938
84,0.1781361848115921,28.153976440429688,27.975839614868164
85,0.17670314013957977,27.82099723815918,27.64429473876953
86,0.20194029808044434,27.17591094970703,26.973970413208008
87,0.1674480438232422,27.45218849182129,27.284740447998047
88,0.18655535578727722,27.313074111938477,27.12651824951172
89,0.19165849685668945,27.143558502197266,26.951900482177734
90,0.15208032727241516,27.96664810180664,27.81456756591797
91,0.18167702853679657,27.684829711914062,27.50315284729004
92,0.19825255870819092,27.638071060180664,27.4398193359375
93,0.1659925878047943,28.002260208129883,27.836267471313477
94,0.17204421758651733,28.261669158935547,28.089624404907227
95,0.18623541295528412,27.25891876220703,27.072683334350586
96,0.17748789489269257,28.140295028686523,27.962806701660156
97,0.1712540239095688,27.857086181640625,27.685832977294922
98,0.2048027068376541,27.332313537597656,27.12751007080078
99,0.13731694221496582,28.27828598022461,28.140968322753906
