epoch,time
0,24.64095687866211
1,15.42640209197998
2,14.944302797317505
3,15.708646774291992
4,14.94340467453003
5,14.515904426574707
6,16.322786808013916
7,15.129593849182129
8,14.618931770324707
9,15.526572704315186
10,15.961343765258789
11,20.954946279525757
12,15.986547470092773
13,15.897789478302002
14,15.958383798599243
15,16.49963879585266
16,16.17983317375183
17,16.1031391620636
18,16.068249702453613
19,15.598577499389648
20,16.551344871520996
21,14.569064378738403
22,15.359113216400146
23,15.842369079589844
24,15.867086410522461
25,15.566938877105713
26,16.91165065765381
27,16.011927604675293
28,16.906065464019775
29,15.314453601837158
30,16.742155075073242
31,15.567435264587402
32,16.469154834747314
33,15.812448263168335
34,17.071014881134033
35,15.179045915603638
36,16.431800842285156
37,16.210575103759766
38,17.121432304382324
39,16.807857513427734
40,16.061248779296875
41,19.46269917488098
42,14.891604900360107
43,17.467312812805176
44,16.148820161819458
45,16.54357624053955
46,15.114575624465942
47,15.236121654510498
48,14.807755470275879
49,16.817960739135742
50,17.108635663986206
51,16.496002674102783
52,17.30142855644226
53,15.672199487686157
54,17.20149803161621
55,17.90807342529297
56,17.259480476379395
57,16.767208337783813
58,16.228888273239136
59,15.141018629074097
60,18.143998861312866
61,15.436591863632202
62,17.625468969345093
63,17.138221263885498
64,17.907200574874878
65,17.670084714889526
66,18.019527673721313
67,16.72779631614685
68,16.551955461502075
69,17.954286336898804
70,17.49101448059082
71,17.13895082473755
72,16.906214237213135
73,18.778403759002686
74,16.46975064277649
75,16.807804346084595
76,15.958142518997192
77,17.304328203201294
78,15.689853429794312
79,18.466777086257935
80,16.684089183807373
81,17.547383308410645
82,17.84847140312195
83,17.668054342269897
84,16.50713562965393
85,17.72131633758545
86,19.290255308151245
87,17.19378113746643
88,17.93627166748047
89,16.468939065933228
90,17.237561464309692
91,16.790032148361206
92,17.790430068969727
93,16.869352102279663
94,18.85928988456726
95,16.576891899108887
96,16.76565647125244
97,16.19633460044861
98,17.227559089660645
99,17.89323139190674
