epoch,time
0,27.642937660217285
1,14.259482860565186
2,14.554030656814575
3,13.626785278320312
4,14.312809944152832
5,13.489462852478027
6,12.693039894104004
7,15.116035223007202
8,14.822365760803223
9,15.546258449554443
10,12.862247467041016
11,14.713321208953857
12,15.287154197692871
13,14.514343500137329
14,14.642446279525757
15,14.22114872932434
16,13.839726686477661
17,13.908415794372559
18,14.22643494606018
19,14.736264944076538
20,14.402785301208496
21,14.797886371612549
22,14.54279112815857
23,14.493685722351074
24,15.235947608947754
25,14.961881399154663
26,14.891978025436401
27,14.21997332572937
28,14.570085287094116
29,14.955852746963501
30,14.536561250686646
31,14.53557825088501
32,13.923332929611206
33,13.858925819396973
34,15.672314167022705
35,15.336246252059937
36,14.862751722335815
37,15.210240840911865
38,14.157410621643066
39,14.781141996383667
40,14.454861879348755
41,15.376694917678833
42,15.559999227523804
43,14.236217498779297
44,13.560603618621826
45,14.885881423950195
46,15.235207557678223
47,15.799720764160156
48,14.908046007156372
49,15.419044256210327
50,15.320246934890747
51,14.93335509300232
52,15.025225162506104
53,15.127561569213867
54,14.813325643539429
55,14.062342882156372
56,15.030823707580566
57,15.098034143447876
58,15.66229772567749
59,15.039515256881714
60,14.290642023086548
61,14.503095149993896
62,15.186402559280396
63,15.200377941131592
64,16.02267837524414
65,14.846912384033203
66,15.598118543624878
67,15.58569049835205
68,14.352254390716553
69,14.898166179656982
70,14.867304563522339
71,14.826701879501343
72,15.186704397201538
73,15.657840251922607
74,15.072270393371582
75,15.400931358337402
76,14.94033145904541
77,15.2224862575531
78,15.234930753707886
79,15.733573198318481
80,15.075258731842041
81,14.857261180877686
82,15.651777982711792
83,15.144006490707397
84,17.03268003463745
85,15.621019124984741
86,15.387069940567017
87,15.41955852508545
88,15.652139663696289
89,15.090942859649658
90,13.679397821426392
91,15.911602973937988
92,15.243076801300049
93,14.799278259277344
94,16.387969970703125
95,15.677334070205688
96,15.484690189361572
97,15.268054723739624
98,16.110918760299683
99,15.6172034740448
