epoch,time
0,146.60486316680908
1,143.33567309379578
2,144.3397605419159
3,139.93032455444336
4,134.850994348526
5,135.4042751789093
6,142.3314082622528
7,149.58833575248718
8,140.25228714942932
9,137.8359398841858
10,135.96680665016174
11,137.89779591560364
12,147.78086709976196
13,145.40942406654358
14,140.38144397735596
15,136.97328901290894
16,138.34860849380493
17,149.72064590454102
18,143.85173845291138
19,142.6606683731079
20,138.06217074394226
21,137.73412823677063
22,143.18979454040527
23,151.48592901229858
24,145.71778416633606
25,140.2667887210846
26,136.95555067062378
27,140.57788586616516
28,154.7881772518158
29,149.2589976787567
30,141.3099992275238
31,138.43845415115356
32,139.3270456790924
33,152.88747000694275
34,150.167405128479
35,144.59074020385742
36,140.37324929237366
37,138.6294915676117
38,149.68799805641174
39,158.79656624794006
40,144.8432171344757
41,141.70930552482605
42,138.6061155796051
43,142.27802085876465
44,159.55121278762817
45,157.01159143447876
46,144.32710576057434
47,138.8225860595703
48,143.9839735031128
49,156.7483913898468
50,154.77620887756348
51,147.60960793495178
52,145.10849142074585
53,142.5699861049652
54,152.47769021987915
55,158.4307324886322
56,151.2529594898224
57,144.22497725486755
58,141.73450255393982
59,149.35773873329163
60,161.21230459213257
61,158.4808704853058
62,146.02631735801697
63,142.12743735313416
64,145.22842931747437
65,161.59173846244812
66,161.32785058021545
67,153.70934009552002
68,147.8585774898529
69,144.1102397441864
70,159.40809750556946
71,163.42929887771606
72,156.3407814502716
73,147.91180801391602
74,148.54807710647583
75,154.60664582252502
76,168.34340500831604
77,160.90457320213318
78,155.07445168495178
79,148.1835126876831
80,148.39867901802063
81,167.26150178909302
82,159.92911052703857
83,154.11149072647095
84,148.72310090065002
85,149.38646173477173
86,36.429428577423096
