epoch,loss,maed
0,16.539797094133164,2.454887
1,3.9859759542677136,1.4984193
2,1.49443918466568,0.8715526
3,2.081649250454373,1.0802705
4,3.2618653774261475,1.3334764
5,2.889712108506097,1.2298226
6,1.5902696053187053,0.97730064
7,3.337379256884257,1.3061044
8,7.48263062371148,1.7595155
9,1.5279849105411105,0.8860971
10,2.2731166813108654,1.149661
11,1.7253246969646878,0.9822711
12,2.05576499303182,1.0359445
13,2.896553953488668,1.1145058
14,2.366779022746616,1.0812861
15,1.7117261224322848,0.96216923
16,1.5678145355648465,0.91002464
17,6.074211835861206,1.3685864
18,3.586877955330743,1.3002108
