epoch,loss,maed
0,575.7517835828993,20.631182
1,333.9525265163845,15.612996
2,218.81822119818793,12.094232
3,199.48812018500433,11.669351
4,174.50497266981336,11.215583
5,108.53784900241428,8.69723
6,92.96961466471355,7.816208
7,93.98899205525716,8.249416
8,66.80574035644531,6.9714227
9,76.91578208075629,7.4809513
10,50.51137267218696,5.862042
11,53.48848639594184,6.044147
12,41.83120960659451,5.4198923
13,31.481876797146267,4.5655165
14,42.05548561943902,5.5288167
15,39.57900534735786,5.3120317
16,91.00333574083116,7.896104
17,25.373738606770832,4.2712107
18,40.350044674343536,5.4160595
19,41.16147655910916,5.536562
20,32.22045686509874,4.75918
21,89.24890899658203,7.935425
22,29.612191094292534,4.620864
23,21.476407792833115,3.9522455
24,13.222837024264866,3.0702467
25,27.12338744269477,4.562572
26,14.188414149814182,3.1691546
27,15.427953084309896,3.2535324
28,12.954303317599827,2.981011
29,43.30111651950412,5.3460064
30,17.994771639506023,3.4021907
31,23.755268626742893,4.1294427
32,24.576450135972763,4.244437
33,9.443324247996012,2.5393066
34,60.25316958957248,6.592885
35,9.742780102623833,2.4913208
36,11.108222431606716,2.7566476
37,9.417357815636528,2.4296603
38,10.725305875142416,2.7145522
39,11.808337264590794,2.724309
40,7.144449234008789,2.1389215
41,11.015296512179905,2.6345701
42,8.030563566419813,2.2229915
43,6.673709021674262,2.0619044
44,5.745617389678955,1.826013
45,15.736780696445042,3.1356232
46,8.477549393971762,2.3475711
47,12.93855709499783,2.9501848
48,24.982458750406902,3.8241093
49,5.773560523986816,1.8720576
50,28.803070492214626,3.9735103
51,7.212924904293484,2.0584838
52,6.787932131025526,2.0501602
53,17.322994338141548,3.0178244
54,3.6581609514024525,1.484888
55,16.122154341803657,3.0353632
56,10.480471187167698,2.4142551
57,7.205998208787706,2.1287494
58,4.72922584745619,1.6445062
59,3.3800800376468234,1.363872
60,4.320611026551989,1.6058872
61,3.8696818351745605,1.5153031
62,19.568203661176895,2.9405317
63,6.416014936235216,1.9592887
64,3.805919329325358,1.5069188
65,3.3049346341027155,1.4131082
66,49.37676069471571,5.0899005
67,20.482059054904514,3.1601489
68,3.621698909335666,1.50215
69,5.081953631507026,1.7161193
70,5.002498255835639,1.6994542
71,6.077960915035671,1.842556
72,2.7943902148140802,1.2092137
73,2.3756393724017673,1.1162128
74,2.8778584665722318,1.2905079
75,6.486573007371691,1.8159624
76,3.3135128153695,1.3775325
77,6.858119116889106,1.9009073
78,7.086138010025024,1.8638425
79,2.053302605946859,1.0705727
80,1.967814286549886,1.0541977
81,2.2469339635637073,1.1066341
82,2.553081260787116,1.1645049
83,6.440316120783488,1.8787392
84,116.47812991672092,7.607092
85,1.1757736735873752,0.81034803
