epoch,time
0,329.84950613975525
1,317.06183385849
2,317.2316653728485
3,317.148916721344
4,317.3040099143982
5,321.45300817489624
6,315.5883059501648
7,316.38232159614563
8,319.0252437591553
9,317.4971454143524
10,318.4844045639038
11,316.398699760437
12,316.91003942489624
13,317.6626875400543
14,316.70389556884766
15,316.88300585746765
16,318.51158118247986
17,318.06107091903687
18,317.1618461608887
19,318.1437301635742
20,319.90299224853516
21,320.19850039482117
22,318.88109016418457
23,319.0212142467499
24,316.65101766586304
25,331.7273008823395
26,317.7681019306183
27,317.7714538574219
28,323.503865480423
29,317.7285294532776
30,315.73123049736023
31,315.14280128479004
32,315.7596709728241
33,317.165429353714
34,316.8933792114258
35,320.3010849952698
36,318.7963168621063
37,318.41506242752075
38,319.43687438964844
39,318.26951122283936
40,317.62520027160645
41,317.36242938041687
42,318.71226835250854
43,317.9019424915314
44,317.61984515190125
45,317.545361995697
46,317.2268226146698
47,317.9399518966675
48,317.13150358200073
49,317.1833131313324
50,317.3755898475647
51,317.5860993862152
52,316.924519777298
53,316.3972632884979
54,316.06336760520935
55,317.5106942653656
56,316.87406301498413
57,316.25438928604126
58,317.54590034484863
59,319.52133560180664
60,317.7298550605774
61,317.7343475818634
62,317.0860824584961
63,316.1826272010803
64,316.11530351638794
65,316.02609944343567
66,317.09979248046875
67,318.66584968566895
68,317.07366943359375
69,317.1480486392975
70,316.7918725013733
71,316.42037987709045
72,317.8885190486908
73,317.4988462924957
74,316.78817319869995
75,317.24793553352356
76,317.795893907547
77,316.9582335948944
78,318.5456757545471
79,318.0803780555725
80,316.88106083869934
81,317.2289617061615
82,319.41329407691956
83,318.6036231517792
84,318.1128556728363
85,318.7311668395996
86,316.01034569740295
87,317.7495696544647
88,317.70372676849365
89,319.61570143699646
90,318.7215836048126
91,317.2623379230499
92,317.75303053855896
93,317.7600169181824
94,319.87472701072693
95,318.0056185722351
96,317.8533818721771
97,317.461874961853
98,316.9828951358795
99,316.93372678756714
