epoch,time
0,147.591778755188
1,129.03460574150085
2,129.89851474761963
3,129.9712371826172
4,128.39507842063904
5,127.52364015579224
6,129.01586294174194
7,128.73737931251526
8,129.09151411056519
9,128.92515754699707
10,127.66507458686829
11,130.82746720314026
12,129.59347319602966
13,128.30811524391174
14,128.63098216056824
15,123.46476221084595
16,126.96677231788635
17,135.41053915023804
18,133.9957971572876
19,133.25963401794434
20,125.29747867584229
21,125.46467542648315
22,134.14341044425964
23,134.16519832611084
24,133.78907299041748
25,130.513409614563
26,127.74950909614563
27,131.6703119277954
28,140.60919213294983
29,134.45720529556274
30,129.07287168502808
31,128.17944192886353
32,129.17545628547668
33,141.83897519111633
34,139.0566167831421
35,133.0707814693451
36,130.95400714874268
37,128.92705130577087
38,140.6163296699524
39,139.76507115364075
40,135.9810881614685
41,136.06832647323608
42,128.3539354801178
43,133.96441984176636
44,142.66008377075195
45,141.24932599067688
46,135.20339035987854
47,130.7567081451416
48,137.1226146221161
49,146.99573850631714
50,146.99644422531128
51,140.6781268119812
52,132.68926620483398
53,133.41939043998718
54,143.250385761261
55,147.138028383255
56,141.36832451820374
57,132.52911949157715
58,135.48288249969482
59,140.33860206604004
60,151.73429918289185
61,140.65484046936035
62,138.56080842018127
63,134.81971621513367
64,142.51799964904785
65,144.07986760139465
66,148.23998260498047
67,145.9002182483673
68,133.95135879516602
69,135.9489390850067
70,143.26186323165894
71,148.96156692504883
72,143.69566082954407
73,135.06818413734436
74,130.422504901886
75,142.90184783935547
76,156.73493885993958
77,147.2014353275299
78,143.67684364318848
79,134.84328246116638
80,142.3268518447876
81,155.21782779693604
82,148.4125623703003
83,144.15553784370422
84,138.19371891021729
85,140.77975916862488
86,148.07713675498962
87,154.54895448684692
88,148.82532000541687
89,145.14025568962097
90,137.82119512557983
91,151.5643346309662
92,155.85949206352234
93,147.16221380233765
94,146.79021310806274
95,138.30896735191345
96,144.07936215400696
97,157.62449622154236
98,155.97117495536804
99,149.59730458259583
