epoch,loss,maed
0,1158.4173448350693,29.181152
1,454.69250149197046,17.46028
2,422.7354804144965,17.057549
3,259.27965460883246,12.860358
4,329.9513465033637,14.625822
5,334.67515733506946,14.625122
6,425.81778293185766,15.966466
7,241.88130611843533,12.407197
8,340.82857598198785,14.077816
9,385.07386610243054,15.262229
10,390.9309895833333,16.303366
11,183.30604383680554,10.461039
12,280.49798414442273,13.2751255
13,395.67879909939234,15.537853
14,191.63605753580728,10.5801325
15,148.27191670735678,9.349403
16,155.5161887274848,9.775433
17,168.69733683268228,10.243205
18,174.10699547661676,10.331118
19,175.0391387939453,10.510899
20,167.19224802652994,9.954867
21,188.51483154296875,10.705356
22,156.06612141927084,9.613735
23,154.77203030056424,9.747106
24,173.94617716471353,10.198275
25,147.56234317355685,9.385742
26,162.91620381673178,9.818382
27,163.14252217610678,9.891288
28,205.13956366644965,11.087949
29,183.2174589369032,10.454728
30,150.22721015082465,9.076936
31,162.8539581298828,9.741558
32,149.18029615614148,9.244013
33,180.5641123453776,10.410003
34,152.14068264431424,9.170832
35,166.67329830593533,10.05072
36,148.4864934285482,9.484215
37,226.80801730685764,11.268651
38,154.5656255086263,9.250524
39,160.05908203125,9.317954
40,202.7448493109809,10.860416
41,157.2940962049696,9.350103
42,162.13550737169055,9.824151
43,154.0690155029297,9.10744
44,181.8811272515191,10.13619
45,167.19407484266492,9.644603
46,178.44310845269098,9.803543
47,151.1123072306315,8.945927
48,167.338262769911,9.5520525
49,168.64331902398004,9.281411
50,173.13974083794488,9.687494
51,160.04430474175348,10.040181
52,162.04454040527344,9.32883
53,157.6289528740777,9.217257
54,177.97501712375217,10.229079
55,162.1789067586263,9.280857
56,163.78929138183594,9.48382
57,159.01450432671442,9.105244
58,173.8785112169054,9.420269
59,173.02467770046658,9.445239
60,161.49303351508246,9.180209
61,186.51927863226996,9.996945
62,172.56542121039496,9.432577
63,185.00112575954861,10.001393
64,159.10788218180338,8.980563
65,159.87926398383246,9.083355
66,168.02837965223523,9.302273
67,209.56932915581598,10.248812
68,148.08368513319226,8.829523
69,171.5174763997396,9.273037
70,170.9102545844184,9.734517
71,171.10669962565103,9.496002
72,163.1608878241645,9.169173
73,173.26928202311197,9.4259815
74,166.27189297146268,9.190576
75,167.07498847113715,9.274449
76,158.3090328640408,9.0952
77,190.80975172254773,9.872786
78,168.428832160102,9.181919
79,165.6237046983507,9.209065
80,161.19327375623914,8.892958
81,161.2349116007487,9.026436
82,178.0994906955295,9.487424
83,178.82498338487414,9.441446
84,173.5127970377604,9.308304
85,170.17501491970486,9.090349
86,168.83947923448352,9.241756
87,168.0605010986328,9.394985
88,166.91965908474393,9.05149
89,174.59908209906683,9.290329
90,169.30127716064453,9.124536
91,167.982174343533,9.217972
92,150.70462459988065,8.737676
93,173.4156723022461,9.157222
94,161.29686567518445,8.78603
95,175.30670759412976,9.285052
96,180.2616424560547,9.718186
97,208.50455729166666,10.303465
98,163.55589633517795,8.8597355
99,179.5197465684679,9.411186
