epoch,time
0,20.293651819229126
1,9.440495729446411
2,8.852355003356934
3,8.753171682357788
4,9.107890844345093
5,9.270429134368896
6,8.706146955490112
7,9.110668420791626
8,8.81545376777649
9,8.911488771438599
10,9.328768014907837
11,9.449290752410889
12,9.68076229095459
13,9.296935796737671
14,9.080596923828125
15,8.88166069984436
16,9.148401021957397
17,9.346530675888062
18,9.532515048980713
19,9.792377471923828
20,9.324498653411865
21,9.41654634475708
22,9.286687850952148
23,9.525651454925537
24,9.271231889724731
25,9.271309852600098
26,9.136116981506348
27,8.842939138412476
28,9.08124828338623
29,9.404756307601929
30,9.531010389328003
31,9.377244710922241
32,8.970438003540039
33,8.918570041656494
34,9.267312049865723
35,9.17839789390564
36,9.382387399673462
37,9.191048622131348
38,9.670494556427002
39,13.785131454467773
40,8.559020757675171
41,9.054240703582764
42,9.086612939834595
43,8.803431987762451
44,9.584556341171265
45,9.297852277755737
46,9.237220525741577
47,9.168149471282959
48,9.289012670516968
49,9.006401300430298
50,9.363269805908203
51,8.531734466552734
52,8.88027572631836
53,9.569806814193726
54,9.413353681564331
55,9.08098316192627
56,9.343595504760742
57,9.39503002166748
58,9.459033489227295
59,9.011727571487427
60,9.592511653900146
61,8.807525634765625
62,9.343394041061401
63,9.141667127609253
64,9.486161231994629
65,9.296778202056885
66,9.221232891082764
67,9.85494065284729
68,9.01697587966919
69,9.44089937210083
70,9.342618942260742
71,9.036212921142578
72,9.066254138946533
73,9.068501472473145
74,9.343775272369385
75,9.47144603729248
76,9.493527173995972
77,9.319816589355469
78,9.59567403793335
79,9.492813110351562
80,9.08572506904602
81,9.115337371826172
82,9.168294906616211
83,9.141435384750366
84,9.327272176742554
85,9.841356754302979
86,9.466964721679688
87,9.157554149627686
88,9.10061264038086
89,9.387107372283936
90,9.695959329605103
91,8.996680974960327
92,10.394863367080688
93,9.545034408569336
94,9.752858638763428
95,9.459053039550781
96,9.30776858329773
97,9.69248914718628
98,9.365488290786743
99,9.777065753936768
