epoch,time
0,27.36871838569641
1,15.305613279342651
2,14.810684442520142
3,14.968628644943237
4,15.563599348068237
5,13.91559624671936
6,15.553195476531982
7,15.180201292037964
8,14.955883264541626
9,15.533444166183472
10,14.371578693389893
11,14.73580288887024
12,15.031069993972778
13,14.759258270263672
14,15.645900011062622
15,15.983044862747192
16,15.562813520431519
17,14.943082809448242
18,13.354529857635498
19,14.571554899215698
20,15.044404983520508
21,15.445012092590332
22,15.608041286468506
23,15.404269695281982
24,15.227020740509033
25,14.632232666015625
26,15.300721883773804
27,16.16488242149353
28,15.167863845825195
29,15.300621747970581
30,15.2023766040802
31,15.31639838218689
32,14.32370376586914
33,14.392525434494019
34,15.18464207649231
35,15.32691216468811
36,14.970125913619995
37,14.875884532928467
38,15.792133092880249
39,15.613439559936523
40,16.138811826705933
41,15.328200101852417
42,15.535712003707886
43,15.108053207397461
44,15.156888484954834
45,14.901310443878174
46,15.23854923248291
47,15.114773273468018
48,14.831864356994629
49,15.517576217651367
50,15.245031833648682
51,15.785199403762817
52,15.113020896911621
53,15.68783187866211
54,15.665344476699829
55,15.770991802215576
56,16.373913049697876
57,15.500083446502686
58,15.737838745117188
59,16.465835571289062
60,15.034767866134644
61,16.262990713119507
62,15.18960428237915
63,15.011911869049072
64,15.567261219024658
65,15.834458351135254
66,15.619546890258789
67,15.754711389541626
68,15.589494228363037
69,15.931218147277832
70,15.637643575668335
71,15.676829099655151
72,14.887180805206299
73,15.464822769165039
74,15.215932369232178
75,15.107468843460083
76,14.775069236755371
77,16.054359436035156
78,15.185270309448242
79,16.520156383514404
80,15.705348014831543
81,15.830312013626099
82,16.235960006713867
83,15.45778512954712
84,14.738924503326416
85,15.248240232467651
86,15.893222332000732
87,14.00193452835083
88,17.115690231323242
89,14.026254177093506
90,15.932116508483887
91,15.44779109954834
92,16.005544424057007
93,15.499542236328125
94,16.151129961013794
95,16.251503705978394
96,16.04710578918457
97,15.811728715896606
98,16.017248153686523
99,16.045974731445312
