epoch,time
0,16.922884702682495
1,7.607486724853516
2,7.72173285484314
3,7.342848539352417
4,7.726895093917847
5,7.910962104797363
6,7.440870523452759
7,7.536606550216675
8,8.142384767532349
9,8.437144041061401
10,7.527231216430664
11,7.919508695602417
12,7.488637447357178
13,7.514724493026733
14,7.329813480377197
15,7.630060434341431
16,7.481476783752441
17,7.6087470054626465
18,7.495505094528198
19,8.163122177124023
20,7.692378282546997
21,7.5603625774383545
22,7.900882720947266
23,7.473055124282837
24,7.366832971572876
25,7.5712890625
26,7.554972887039185
27,7.45212197303772
28,7.336817502975464
29,7.8863303661346436
30,7.444900751113892
31,8.12710428237915
32,7.628232479095459
33,7.729290962219238
34,7.536128282546997
35,7.731179714202881
36,7.606267929077148
37,7.949761629104614
38,7.714107036590576
39,8.103189468383789
40,7.569885969161987
41,7.39501428604126
42,7.529813289642334
43,7.707991123199463
44,7.628297328948975
45,7.449944019317627
46,7.883843421936035
47,7.453022480010986
48,7.3252949714660645
49,7.832619667053223
50,7.636275291442871
51,7.636256694793701
52,7.581333875656128
53,7.908499240875244
54,7.412843227386475
55,7.474177122116089
56,7.556921005249023
57,7.4618449211120605
58,7.566870450973511
59,8.22293472290039
60,7.705095291137695
61,8.04795217514038
62,8.021368265151978
63,7.666635036468506
64,7.725880146026611
65,7.684162139892578
66,7.5777342319488525
67,7.502620220184326
68,7.637947082519531
69,8.208513736724854
70,7.627763271331787
71,7.7009735107421875
72,7.744860887527466
73,8.151330471038818
74,7.735688209533691
75,7.755390882492065
76,7.4225921630859375
77,7.804474115371704
78,7.79833722114563
79,8.241093635559082
80,7.6548826694488525
81,8.310288667678833
82,7.818396806716919
83,7.8418779373168945
84,7.69070839881897
85,7.614245891571045
86,7.73719334602356
87,7.602728366851807
88,7.4702229499816895
89,8.187496662139893
90,7.609837293624878
91,7.91428279876709
92,7.630933046340942
93,7.609410047531128
94,7.754159927368164
95,7.869897842407227
96,7.823988914489746
97,7.4870874881744385
98,7.9074695110321045
99,8.166307926177979
