epoch,time
0,23.160933256149292
1,15.76183032989502
2,15.622508525848389
3,17.162063360214233
4,16.186506986618042
5,15.423850059509277
6,16.04635238647461
7,14.53688669204712
8,16.375396251678467
9,15.765759468078613
10,15.395802736282349
11,15.945868968963623
12,13.459253549575806
13,16.607085704803467
14,15.498050689697266
15,15.2881441116333
16,16.184942960739136
17,15.080503225326538
18,15.694361209869385
19,16.616381645202637
20,16.28114652633667
21,15.577209949493408
22,14.730611562728882
23,15.466472864151001
24,15.73282790184021
25,15.665315628051758
26,15.72526240348816
27,15.898639440536499
28,15.309542179107666
29,15.177369832992554
30,15.817553997039795
31,14.686712503433228
32,16.6763756275177
33,16.256478548049927
34,15.193408012390137
35,15.437300682067871
36,16.193466186523438
37,16.449154138565063
38,16.47785758972168
39,17.408026695251465
40,16.294962882995605
41,16.061992406845093
42,19.295117378234863
43,15.97961163520813
44,16.09877324104309
45,16.59256100654602
46,16.25342106819153
47,16.156917572021484
48,16.38933491706848
49,15.041893243789673
50,15.46660566329956
51,16.381979942321777
52,16.576873302459717
53,15.873529195785522
54,16.237240314483643
55,16.349772214889526
56,16.570436716079712
57,17.392119884490967
58,16.518073320388794
59,17.813473224639893
60,16.031408548355103
61,16.454173803329468
62,16.253486156463623
63,16.31494927406311
64,15.169604778289795
65,17.11196231842041
66,17.298696756362915
67,16.82217049598694
68,20.102001190185547
69,16.88112449645996
70,16.64657688140869
71,17.10971426963806
72,21.090962409973145
73,16.62593150138855
74,17.07665491104126
75,15.729268789291382
76,17.069596529006958
77,16.893904209136963
78,16.505024671554565
79,16.957895755767822
80,16.81161642074585
81,15.652005910873413
82,15.546261072158813
83,16.158756494522095
84,16.586194038391113
85,16.822776079177856
86,19.17257332801819
87,17.117032289505005
88,16.54956293106079
89,16.169992685317993
90,17.140414476394653
91,17.157809019088745
92,17.70233917236328
93,16.53463840484619
94,16.957792043685913
95,16.856281042099
96,17.623959064483643
97,16.608874082565308
98,16.867037534713745
99,16.23295760154724
