epoch,time
0,96.2206859588623
1,84.78495454788208
2,84.6151921749115
3,85.50819540023804
4,84.68787002563477
5,85.46014380455017
6,84.1619074344635
7,86.07802438735962
8,84.4043641090393
9,83.8283851146698
10,84.27277874946594
11,85.66643834114075
12,85.02107787132263
13,84.03402781486511
14,84.22077655792236
15,85.33375716209412
16,85.19605374336243
17,85.50017523765564
18,84.47993779182434
19,84.88159108161926
20,84.94328236579895
21,84.78847169876099
22,84.91298508644104
23,84.45243239402771
24,84.88360452651978
25,85.16622018814087
26,86.15131187438965
27,85.68148899078369
28,85.35087823867798
29,84.73878526687622
30,85.49147772789001
31,83.50596594810486
32,83.12784671783447
33,84.98558831214905
34,85.34174513816833
35,82.66822934150696
36,83.27565884590149
37,84.69488310813904
38,81.71281337738037
39,83.09375262260437
40,83.00445675849915
41,82.07889366149902
42,82.89131379127502
43,82.86160230636597
44,82.99412417411804
45,80.52998113632202
46,83.37813019752502
47,84.8106460571289
48,83.56396126747131
49,81.8843731880188
50,82.66575694084167
51,83.6933114528656
52,82.7667784690857
53,82.66780757904053
54,84.03961181640625
55,82.12988519668579
56,82.28435349464417
57,83.11495184898376
58,83.4140419960022
59,83.6596930027008
60,83.47576236724854
61,83.49523830413818
62,83.12782406806946
63,85.00672483444214
64,83.53767371177673
65,84.26278328895569
66,85.27226448059082
67,82.21998000144958
68,83.71984481811523
69,83.99603199958801
70,85.05524778366089
71,84.10218906402588
72,83.30332899093628
73,82.76150012016296
74,83.97501230239868
75,84.85698437690735
76,84.68782758712769
77,84.1784176826477
78,83.32029128074646
79,84.68186926841736
80,83.51419687271118
81,83.54871010780334
82,85.51628875732422
83,84.24380612373352
84,83.04947280883789
85,84.122478723526
86,84.98733592033386
87,84.9537353515625
88,85.0937340259552
89,85.9525420665741
90,85.53920674324036
91,85.71784734725952
92,84.82703995704651
93,84.76824688911438
94,85.62557196617126
95,85.6305410861969
96,86.15129160881042
97,85.4446964263916
98,86.23111724853516
99,86.26377654075623
