epoch,time
0,26.41749143600464
1,14.247133493423462
2,14.276737928390503
3,14.869173526763916
4,14.548393964767456
5,13.852755308151245
6,13.715114831924438
7,14.22025203704834
8,14.11309003829956
9,14.172172546386719
10,13.908488988876343
11,14.41451621055603
12,14.579467058181763
13,14.524370908737183
14,14.274106502532959
15,15.122719526290894
16,14.794896364212036
17,14.83661961555481
18,14.226335525512695
19,15.217692136764526
20,15.143124103546143
21,14.951511859893799
22,14.331603765487671
23,14.763715028762817
24,13.971203327178955
25,13.478190422058105
26,14.168651819229126
27,14.25249981880188
28,14.996469974517822
29,14.63988447189331
30,14.986393213272095
31,14.296104431152344
32,14.030755043029785
33,14.828406810760498
34,14.15648603439331
35,15.375214099884033
36,14.578131675720215
37,15.046453952789307
38,15.12515640258789
39,14.091758728027344
40,15.014784097671509
41,14.283774852752686
42,14.51913833618164
43,14.594585180282593
44,15.557328939437866
45,15.00691843032837
46,14.539256572723389
47,15.658249855041504
48,14.417948722839355
49,15.729278087615967
50,14.298213958740234
51,14.972154378890991
52,14.59125542640686
53,15.180227041244507
54,15.141408681869507
55,14.959778308868408
56,15.031779527664185
57,15.281486511230469
58,16.048584938049316
59,14.624788045883179
60,15.325890302658081
61,15.031432151794434
62,14.079480648040771
63,14.693941354751587
64,14.4077889919281
65,15.256904363632202
66,14.342657566070557
67,15.599671840667725
68,14.430105924606323
69,15.499505043029785
70,15.049663782119751
71,15.231294393539429
72,15.034175157546997
73,15.262451410293579
74,14.903810739517212
75,15.49963116645813
76,73.26715755462646
77,130.6872947216034
78,22.33690047264099
79,20.275040864944458
80,14.652657747268677
81,15.19612431526184
82,14.952524662017822
83,15.017017126083374
84,14.755810737609863
85,15.899276971817017
86,15.59852647781372
87,15.498566389083862
88,14.959748983383179
89,17.129393100738525
90,14.568896532058716
91,16.08295488357544
92,15.277576684951782
93,14.73438024520874
94,15.961172103881836
95,14.879149913787842
96,16.109636068344116
97,15.048093318939209
98,16.10244631767273
99,14.330153703689575
