epoch,time
0,25.376673221588135
1,15.645902872085571
2,16.579091787338257
3,15.460025072097778
4,16.44222140312195
5,15.734212636947632
6,16.49868154525757
7,15.694050550460815
8,16.529584884643555
9,17.36675000190735
10,16.11691117286682
11,15.368715524673462
12,16.942903757095337
13,16.215020656585693
14,16.28029990196228
15,15.359329223632812
16,16.195035457611084
17,15.855198383331299
18,15.818317413330078
19,16.35951256752014
20,16.68820357322693
21,14.998558044433594
22,16.11121439933777
23,17.25925612449646
24,15.574781656265259
25,17.858715057373047
26,16.559505939483643
27,16.489930868148804
28,16.272409915924072
29,16.480098247528076
30,16.98401665687561
31,17.253159761428833
32,16.460793018341064
33,17.287886381149292
34,15.67066764831543
35,15.732869386672974
36,14.50124454498291
37,16.172799110412598
38,18.268132209777832
39,15.621302604675293
40,17.767391204833984
41,15.596666812896729
42,16.605698108673096
43,16.157570838928223
44,17.606257915496826
45,16.375585556030273
46,16.780653715133667
47,30.547951459884644
48,15.982080936431885
49,17.597639799118042
50,16.62964916229248
51,17.423407316207886
52,16.177692413330078
53,17.55512499809265
54,17.46644687652588
55,15.949939727783203
56,16.799237489700317
57,15.206289529800415
58,17.683940172195435
59,14.255821466445923
60,18.3247172832489
61,15.73550009727478
62,17.452863693237305
63,17.083273887634277
64,17.564288854599
65,16.576690912246704
66,17.07357096672058
67,18.7097270488739
68,16.79289150238037
69,17.209386825561523
70,16.721149682998657
71,17.165520906448364
72,17.90169382095337
73,17.875218152999878
74,16.734057903289795
75,17.38480544090271
76,15.377249240875244
77,16.469484090805054
78,15.73291301727295
79,17.389835834503174
80,17.554535388946533
81,17.666179656982422
82,17.446154356002808
83,17.209699392318726
84,17.101067543029785
85,15.756396532058716
86,16.959023475646973
87,16.27852511405945
88,17.42601203918457
89,17.012200117111206
90,18.93120265007019
91,15.962034463882446
92,15.674280881881714
93,16.94045925140381
94,18.20895504951477
95,19.135478019714355
96,18.871532917022705
97,16.06247615814209
98,19.078545570373535
99,18.593501091003418
